version;dropout;learning_rate;momentum;best_loss
dummy;0.4;0.01;0.5,10
_v5;0.5;0.1;0.1,3.9018960520625114
_v5;0.5;0.1;0.3,3.907461442053318
dummy;0.5;0.1;0.5,3.9143677055835724
_v5;0.5;0.001;0.1,3.8812704235315323
_v5;0.5;0.001;0.3,3.8600300177931786
_v5;0.5;0.001;0.5,3.8697652667760862
_v5;0.5;0.005;0.1,3.714698284864425
_v5;0.5;0.005;0.3,3.7568148225545883
_v5;0.5;0.005;0.5,3.683323100209236
_v5;0.5;0.01;0.1,3.653476662933826
_v5;0.5;0.01;0.3,3.6289163753390308
_v5;0.5;0.01;0.5,3.659335546195507
_v5;0.6;0.001;0.1,3.8857722505927086
